AN8068571086;13/05/15;81.00;83.36;81.00;81.74;3223
FR0000031122;13/05/15;8.287;8.37;8.153;8.182;2873855
FR0000031577;13/05/15;220.30;223.80;220.30;221.55;2828
FR0000031775;13/05/15;62.50;64.03;62.49;63.58;39045
FR0000033219;13/05/15;173.00;173.00;171.95;172.00;851
FR0000033409;13/05/15;42.18;42.18;41.20;41.50;928
FR0000035081;13/05/15;70.60;70.61;69.50;70.08;131002
FR0000038200;13/05/15;40.35;40.35;40.35;40.35;116
FR0000039299;13/05/15;5.032;5.059;4.964;4.991;1317890
FR0000044448;13/05/15;36.67;36.93;36.195;36.24;153320
FR0000045072;13/05/15;13.85;14.23;13.85;14.06;7034450
FR0000050809;13/05/15;81.79;84.44;81.71;82.60;44556
FR0000051070;13/05/15;8.06;8.138;7.999;8.055;498665
FR0000051732;13/05/15;70.83;71.31;70.51;70.75;320913
FR0000051807;13/05/15;67.79;68.03;67.09;67.46;111391
FR0000052292;13/05/15;332.60;339.00;331.75;333.10;60372
FR0000052516;13/05/15;70.50;70.74;70.11;70.22;5199
FR0000052870;13/05/15;218.00;220.05;218.00;218.50;36002
FR0000053225;13/05/15;18.39;18.52;18.24;18.335;202908
FR0000053266;13/05/15;223.80;228.00;218.95;227.25;12607
FR0000053829;13/05/15;156.00;156.00;156.00;156.00;489
FR0000054900;13/05/15;15.10;15.285;15.035;15.145;425348
FR0000060501;13/05/15;30.80;31.00;30.65;31.00;431
FR0000060618;13/05/15;33.20;33.46;32.55;32.66;50188
FR0000061129;13/05/15;94.06;96.04;93.07;95.00;8283
FR0000062234;13/05/15;1077.95;1077.95;1062.45;1076.75;329
FR0000064578;13/05/15;81.01;81.85;80.82;81.60;145782
FR0000073272;13/05/15;65.44;65.95;63.57;63.77;1002480
FR0000073298;13/05/15;25.855;26.50;25.855;26.095;42950
FR0000076986;13/05/15;6110.00;6110.00;6110.00;6110.00;1
FR0000077919;13/05/15;34.835;35.365;34.47;35.085;189065
FR0000120073;13/05/15;117.55;119.10;116.30;116.65;736314
FR0000120164;13/05/15;6.673;6.848;6.673;6.766;2399243
FR0000120172;13/05/15;30.54;30.825;30.26;30.40;2512983
FR0000120222;13/05/15;15.18;15.20;15.01;15.06;241293
FR0000120271;13/05/15;47.025;47.895;46.825;47.03;6279383
FR0000120321;13/05/15;168.35;170.20;165.65;166.25;530918
FR0000120354;13/05/15;22.735;23.575;22.67;23.39;1981652
FR0000120404;13/05/15;48.34;48.865;47.93;48.16;861885
FR0000120495;13/05/15;289.00;292.30;285.00;285.00;140
FR0000120503;13/05/15;37.50;38.25;37.03;37.915;1562138
FR0000120537;13/05/15;64.25;64.81;63.19;63.52;631382
FR0000120560;13/05/15;44.775;44.78;43.495;43.595;103113
FR0000120578;13/05/15;89.10;90.18;87.90;88.19;3061710
FR0000120628;13/05/15;22.445;22.755;22.305;22.47;10061787
FR0000120644;13/05/15;62.37;62.78;61.72;62.01;1697838
FR0000120685;13/05/15;7.049;7.15;7.02;7.034;4408756
FR0000120693;13/05/15;109.55;110.10;107.65;108.25;447053
FR0000120859;13/05/15;66.10;66.70;65.77;66.10;80192
FR0000120966;13/05/15;147.35;149.45;146.90;148.00;44824
FR0000121014;13/05/15;156.00;157.80;154.05;154.40;741004
FR0000121121;13/05/15;60.00;62.00;59.73;61.10;148453
FR0000121147;13/05/15;41.48;42.355;41.10;41.39;719630
FR0000121204;13/05/15;108.90;109.30;106.95;108.25;97794
FR0000121220;13/05/15;91.36;91.87;90.27;90.52;207175
FR0000121253;13/05/15;61.59;65.88;61.59;64.45;257595
FR0000121261;13/05/15;99.29;100.80;98.81;99.29;458264
FR0000121329;13/05/15;54.06;55.48;53.55;54.02;609792
FR0000121485;13/05/15;165.50;167.80;164.65;164.95;210864
FR0000121501;13/05/15;16.935;17.385;16.835;16.92;4555366
FR0000121634;13/05/15;136.00;136.30;134.55;134.75;1856
FR0000121667;13/05/15;108.05;109.45;105.95;106.30;428311
FR0000121709;13/05/15;81.70;82.98;81.26;82.69;102811
FR0000121725;13/05/15;1193.05;1210.00;1193.05;1198.95;1575
FR0000121857;13/05/15;314.00;314.00;314.00;314.00;73
FR0000121881;13/05/15;7.73;7.77;7.53;7.59;614942
FR0000121964;13/05/15;41.305;41.725;41.19;41.315;374419
FR0000121972;13/05/15;67.80;69.03;67.78;68.08;2484906
FR0000124141;13/05/15;18.56;18.90;18.47;18.73;2724989
FR0000124711;13/05/15;235.85;240.70;235.10;237.15;336535
FR0000125007;13/05/15;41.195;41.815;40.91;41.085;1954831
FR0000125338;13/05/15;80.23;81.75;79.98;80.33;666859
FR0000125346;13/05/15;113.65;115.00;111.85;114.65;212832
FR0000125486;13/05/15;52.91;53.38;52.47;52.66;1574408
FR0000125585;13/05/15;80.06;80.83;78.59;78.79;315701
FR0000125684;13/05/15;32.095;32.905;32.095;32.305;537992
FR0000127771;13/05/15;22.63;23.17;22.16;22.25;8100557
FR0000130007;13/05/15;3.416;3.448;3.363;3.369;17729863
FR0000130213;13/05/15;27.44;27.545;26.50;26.57;539065
FR0000130338;13/05/15;146.10;148.20;145.25;146.00;280714
FR0000130395;13/05/15;65.45;66.10;64.92;65.22;192945
FR0000130403;13/05/15;174.40;177.30;172.50;173.45;104457
FR0000130452;13/05/15;52.09;52.15;51.38;51.59;402746
FR0000130577;13/05/15;73.67;74.70;73.20;73.57;470656
FR0000130650;13/05/15;68.71;69.87;68.51;68.74;284583
FR0000130809;13/05/15;43.915;44.77;43.895;44.135;3987667
FR0000131104;13/05/15;56.27;56.98;55.81;55.99;4042299
FR0000131708;13/05/15;63.00;64.42;62.92;63.17;575098
FR0000131757;13/05/15;75.82;76.95;75.33;75.61;19818
FR0000131906;13/05/15;91.50;93.32;90.54;90.89;1314942
FR0000133308;13/05/15;14.335;14.615;14.26;14.33;11559742
FR0000184798;13/05/15;60.76;60.91;59.19;59.37;103593
FR0004035913;13/05/15;211.00;218.40;210.25;216.60;190447
FR0004156297;13/05/15;24.61;24.61;24.57;24.60;3891
FR0004188670;13/05/15;23.70;23.865;23.66;23.70;29993
FR0004254035;13/05/15;96.59;97.07;94.20;94.40;42942
FR0004548873;13/05/15;17.30;17.68;17.21;17.50;37876
FR0005025004;13/05/15;190.40;190.40;188.10;190.00;477
FR0006174348;13/05/15;20.895;21.19;20.80;21.14;771941
FR0010040865;13/05/15;116.95;119.65;116.95;119.65;107296
FR0010096479;13/05/15;96.19;97.16;94.35;94.55;31905
FR0010208488;13/05/15;18.38;18.385;17.72;17.795;13046058
FR0010220475;13/05/15;28.105;28.295;27.81;27.86;1023979
FR0010221234;13/05/15;31.15;31.15;30.695;30.80;841725
FR0010241638;13/05/15;20.81;20.945;20.76;20.795;167505
FR0010242511;13/05/15;22.30;22.64;22.23;22.485;1537829
FR0010259150;13/05/15;51.10;51.15;50.59;50.70;84307
FR0010307819;13/05/15;50.50;50.97;49.805;49.965;660906
FR0010313833;13/05/15;70.51;70.93;69.32;69.52;258948
FR0010340141;13/05/15;110.60;111.00;109.40;110.75;59832
FR0010386334;13/05/15;31.32;31.39;30.635;30.74;66490
FR0010411983;13/05/15;30.88;31.11;30.755;30.88;337215
FR0010451203;13/05/15;16.44;16.645;16.31;16.425;1368262
FR0010533075;13/05/15;13.60;13.605;13.46;13.525;779502
FR0010613471;13/05/15;18.36;18.71;18.10;18.585;1939855
FR0010667147;13/05/15;11.00;11.03;10.615;10.70;190895
FR0010908533;13/05/15;23.30;23.64;23.17;23.48;724735
FR0011027143;13/05/15;7.97;8.20;7.96;8.106;23589
FR0011476928;13/05/15;52.48;54.84;52.40;54.55;31581
FR0011594233;13/05/15;54.00;57.35;52.90;56.58;573791
FR0011726835;13/05/15;55.39;56.54;55.26;56.52;28111
FR0011950732;13/05/15;15.75;15.75;15.645;15.68;94859
FR0011981968;13/05/15;19.185;19.335;19.09;19.16;26481
FR0012435121;13/05/15;17.85;17.85;17.44;17.68;221219
GA0000121459;13/05/15;298.20;298.20;292.03;293.83;153
LU0323134006;13/05/15;9.86;9.938;9.671;9.718;9370063
NL0000226223;13/05/15;7.24;7.289;7.085;7.12;4287231
NL0000235190;13/05/15;61.35;62.39;60.00;60.20;2602835
NL0000400653;13/05/15;80.60;81.15;79.70;80.04;265776
NL0006294274;13/05/15;40.39;40.78;39.94;40.00;74653
NL0010949392;13/05/15;5.11;5.20;5.02;5.02;2081
BE0003796134;13/05/15;0.065;0.065;0.061;0.062;6801243
CH0008853209;13/05/15;44.50;44.50;44.50;44.50;549
FR0000030181;13/05/15;8.20;8.20;8.20;8.20;1
FR0000031023;13/05/15;113.71;114.00;113.59;113.70;103
FR0000031684;13/05/15;23.01;23.65;23.01;23.37;27518
FR0000032302;13/05/15;44.71;44.71;44.47;44.58;531
FR0000032526;13/05/15;38.24;38.50;37.99;38.45;8220
FR0000032658;13/05/15;22.25;22.85;21.51;22.81;25442
FR0000033003;13/05/15;15.05;15.20;15.05;15.20;695
FR0000033243;13/05/15;36.99;37.00;36.98;37.00;60
FR0000033904;13/05/15;18.72;18.85;18.45;18.60;44565
FR0000034431;13/05/15;119.00;120.91;115.00;116.81;10204
FR0000034548;13/05/15;27.65;27.75;27.52;27.65;1797
FR0000034639;13/05/15;9.63;9.676;9.48;9.53;228576
FR0000034894;13/05/15;45.85;45.85;45.00;45.00;832
FR0000035123;13/05/15;88.00;88.00;88.00;88.00;15
FR0000035164;13/05/15;14.36;14.67;14.15;14.405;46637
FR0000036816;13/05/15;53.29;54.49;53.29;53.62;125
FR0000036857;13/05/15;37.65;37.90;37.50;37.55;731
FR0000037947;13/05/15;92.00;92.02;92.00;92.00;277
FR0000038036;13/05/15;5101.00;5101.00;5100.00;5100.00;12
FR0000038259;13/05/15;261.45;264.85;258.10;260.80;14531
FR0000038499;13/05/15;63.50;63.50;63.50;63.50;31
FR0000038606;13/05/15;17.60;17.86;17.49;17.70;7531
FR0000039091;13/05/15;212.98;213.00;208.00;209.00;145
FR0000039109;13/05/15;30.20;30.32;30.13;30.15;436
FR0000039216;13/05/15;161.00;161.00;161.00;161.00;155
FR0000039620;13/05/15;24.81;25.29;24.66;24.78;9685
FR0000044471;13/05/15;14.51;14.61;14.51;14.60;100
FR0000045528;13/05/15;83.50;84.08;83.13;84.08;725
FR0000050049;13/05/15;3.14;3.16;3.08;3.08;14696
FR0000050353;13/05/15;27.105;27.48;27.105;27.45;6483
FR0000051393;13/05/15;27.24;27.40;27.00;27.10;412
FR0000052896;13/05/15;90.00;90.00;90.00;90.00;79
FR0000053142;13/05/15;59.50;60.00;59.50;59.77;2639
FR0000053266;13/05/15;223.80;228.00;218.95;227.25;12607
FR0000053324;13/05/15;16.97;16.99;16.83;16.99;6278
FR0000053381;13/05/15;2.89;2.96;2.863;2.922;146606
FR0000053399;13/05/15;90.05;90.32;89.95;90.00;1015
FR0000053506;13/05/15;31.15;32.01;30.41;31.10;10000
FR0000053837;13/05/15;11.34;11.36;11.30;11.30;47675
FR0000054215;13/05/15;614.00;615.01;614.00;615.01;64
FR0000054470;13/05/15;15.80;15.91;15.01;15.795;3035419
FR0000054694;13/05/15;60.00;62.90;60.00;62.90;10058
FR0000060071;13/05/15;106.73;106.85;106.73;106.85;31
FR0000060402;13/05/15;18.95;19.40;18.95;19.20;23580
FR0000060535;13/05/15;120.49;120.50;120.49;120.50;9
FR0000060873;13/05/15;16.80;18.84;16.80;18.63;2481460
FR0000061111;13/05/15;76.66;77.43;76.66;77.13;521
FR0000061137;13/05/15;643.01;643.09;643.00;643.00;18
FR0000062671;13/05/15;23.51;23.85;23.51;23.79;8853
FR0000062796;13/05/15;27.99;27.99;27.90;27.98;216
FR0000063091;13/05/15;23.06;23.88;23.06;23.06;1631
FR0000063935;13/05/15;25.00;25.60;25.00;25.25;5810
FR0000064271;13/05/15;56.60;56.60;55.75;56.00;4054
FR0000064784;13/05/15;74.50;74.75;73.75;74.20;2360
FR0000065674;13/05/15;54.12;57.25;54.12;57.25;13844
FR0000066672;13/05/15;19.48;19.50;19.22;19.34;6510
FR0000066755;13/05/15;18.00;18.73;17.85;17.94;56800
FR0000071904;13/05/15;81.89;82.20;81.10;82.00;1199
FR0000071946;13/05/15;43.00;43.485;42.84;43.10;26864
FR0000073041;13/05/15;31.00;32.00;30.39;30.40;9689
FR0000074148;13/05/15;18.30;18.30;18.23;18.25;19120
FR0000074783;13/05/15;14.72;15.42;14.35;15.18;30757
FR0000079600;13/05/15;4.94;4.94;4.81;4.86;176198
FR0000120107;13/05/15;61.68;62.10;61.49;62.10;982
FR0000120669;13/05/15;45.12;48.92;45.12;48.35;10071
FR0000121691;13/05/15;7.59;7.59;7.34;7.50;14760
FR0000124570;13/05/15;24.20;24.88;24.10;24.77;335162
FR0000125460;13/05/15;7.55;7.65;7.55;7.62;5204725
FR0000182479;13/05/15;2.20;2.20;2.16;2.18;37708
FR0000185514;13/05/15;18.90;18.90;18.70;18.78;3600
FR0004007813;13/05/15;29.02;29.65;29.02;29.35;1610
FR0004024222;13/05/15;29.20;29.22;28.62;28.62;8813
FR0004025062;13/05/15;0.82;0.83;0.81;0.82;573004
FR0004027068;13/05/15;35.02;35.10;35.01;35.10;295
FR0004036036;13/05/15;42.90;42.93;42.35;42.90;491
FR0004037125;13/05/15;12.76;12.95;12.76;12.95;1214
FR0004038263;13/05/15;25.00;25.74;24.01;25.42;46658
FR0004040608;13/05/15;5.00;5.05;4.99;4.99;37344
FR0004050250;13/05/15;15.10;15.50;15.10;15.40;9855
FR0004076891;13/05/15;2.58;2.62;2.58;2.61;62400
FR0004163111;13/05/15;38.40;38.785;38.03;38.56;111876
FR0004170017;13/05/15;19.73;19.90;19.60;19.70;4442
FR0004180537;13/05/15;29.20;29.95;29.20;29.49;5159
FR0004180578;13/05/15;21.90;21.90;21.62;21.71;2016
FR0004186856;13/05/15;35.80;35.80;35.60;35.78;636
FR0004527638;13/05/15;42.85;43.00;42.60;42.60;1506
FR0004529147;13/05/15;94.20;94.30;93.20;93.20;610
FR0005175080;13/05/15;5.07;5.07;4.90;4.96;59732
FR0005691656;13/05/15;31.50;31.81;30.36;30.78;13115
FR0006864484;13/05/15;84.00;84.40;83.99;84.19;1912
FR0010095596;13/05/15;5.44;5.47;5.41;5.45;98489
FR0010096354;13/05/15;0.494;0.496;0.485;0.49;5077236
FR0010112524;13/05/15;38.97;39.255;38.675;38.77;42789
FR0010208165;13/05/15;34.73;35.49;34.73;35.00;76475
FR0010240994;13/05/15;28.58;28.64;28.38;28.50;1565
FR0010282822;13/05/15;12.00;12.10;11.99;11.99;4065
FR0010291245;13/05/15;2.32;2.37;2.28;2.29;60544
FR0010302224;13/05/15;9.90;10.00;9.90;9.99;692
FR0010309096;13/05/15;29.74;29.89;29.74;29.89;55
FR0010341032;13/05/15;40.00;40.40;40.00;40.40;85
FR0010407049;13/05/15;26.32;26.32;25.87;26.25;1936
FR0010417345;13/05/15;44.93;46.23;44.72;45.50;27473
FR0010481960;13/05/15;21.60;21.90;21.60;21.85;1625
FR0010483768;13/05/15;26.36;26.51;26.20;26.50;2070
FR0010526814;13/05/15;6.09;6.11;6.09;6.11;3950
FR0010540740;13/05/15;1.26;1.28;1.25;1.28;6271762
FR0010557264;13/05/15;15.10;15.30;14.77;14.97;51918
FR0010588079;13/05/15;28.49;28.49;28.49;28.49;90
FR0010609263;13/05/15;4.21;4.30;4.19;4.29;19158
FR0010918292;13/05/15;5.936;6.045;5.925;5.949;358056
FR0011040500;13/05/15;20.00;20.00;19.25;19.30;8672
FR0011120914;13/05/15;3.45;3.50;3.40;3.41;76691
FR0011184241;13/05/15;63.11;64.50;62.53;62.53;34703
FR0011341205;13/05/15;19.74;19.99;19.57;19.63;51046
FR0011471135;13/05/15;31.00;31.00;30.71;30.94;11871
FR0011592104;13/05/15;25.03;25.80;25.03;25.74;4139
FR0012616852;13/05/15;11.19;12.65;11.11;12.00;57711
LU0569974404;13/05/15;39.20;40.12;38.76;39.25;704594
MC0000031187;13/05/15;33.40;34.00;32.65;33.75;6378
BE0003796134;13/05/15;0.065;0.065;0.061;0.062;6801243
BE0946620946;13/05/15;6.601;6.677;6.43;6.55;22111
BE0974280126;13/05/15;20.855;20.995;20.80;20.80;4168
BMG9887P1068;13/05/15;0.20;0.21;0.20;0.21;115
FR0000030140;13/05/15;1550.00;1550.00;1550.00;1550.00;7
FR0000030827;13/05/15;64.60;64.60;63.81;64.06;969
FR0000032278;13/05/15;9.01;9.12;9.00;9.01;20365
FR0000032633;13/05/15;185.20;185.20;185.20;185.20;10
FR0000033599;13/05/15;2.36;2.37;2.22;2.23;24633
FR0000035263;13/05/15;17.50;17.95;17.50;17.95;77
FR0000035370;13/05/15;18.61;18.80;18.50;18.78;5653
FR0000035719;13/05/15;3.12;3.12;3.12;3.12;370
FR0000035743;13/05/15;49.93;49.93;48.52;48.52;230
FR0000036105;13/05/15;17.23;17.60;17.23;17.23;7264
FR0000036287;13/05/15;1.17;1.20;1.17;1.20;184
FR0000036675;13/05/15;47.90;48.14;47.89;48.14;1231
FR0000037046;13/05/15;67.00;70.41;67.00;69.96;85587
FR0000037392;13/05/15;20.00;20.25;20.00;20.25;113
FR0000037475;13/05/15;2.68;2.68;2.68;2.68;3641
FR0000038184;13/05/15;0.12;0.12;0.12;0.12;152795
FR0000038242;13/05/15;3.20;3.44;3.15;3.15;610936
FR0000038465;13/05/15;4.74;4.74;4.54;4.69;2664
FR0000038531;13/05/15;9.30;9.45;9.29;9.44;8271
FR0000038804;13/05/15;103.95;103.95;103.95;103.95;2
FR0000039232;13/05/15;5.76;5.83;5.75;5.83;11544
FR0000039240;13/05/15;5.41;5.41;5.41;5.41;2
FR0000044323;13/05/15;85.00;85.40;85.00;85.40;313
FR0000044364;13/05/15;121.00;121.00;119.81;120.00;3179
FR0000044612;13/05/15;4.93;5.12;4.80;5.11;4613
FR0000045213;13/05/15;78.25;78.92;78.15;78.15;256
FR0000045239;13/05/15;79.55;79.55;79.20;79.55;402
FR0000045304;13/05/15;90.60;91.80;90.59;91.62;446
FR0000045346;13/05/15;182.88;183.79;182.88;182.89;113
FR0000045544;13/05/15;97.20;97.25;96.60;97.25;565
FR0000045551;13/05/15;71.60;72.60;71.60;72.60;553
FR0000050049;13/05/15;3.14;3.16;3.08;3.08;14696
FR0000050320;13/05/15;225.00;225.00;225.00;225.00;2
FR0000051377;13/05/15;45.31;47.24;45.31;47.24;9325
FR0000052623;13/05/15;0.76;0.77;0.75;0.76;27340
FR0000052680;13/05/15;5.70;5.75;5.68;5.72;46390
FR0000052839;13/05/15;35.88;35.88;35.88;35.88;26
FR0000053027;13/05/15;13.65;14.19;13.59;14.18;101525
FR0000053035;13/05/15;76.75;76.75;76.75;76.75;1
FR0000053043;13/05/15;30.77;30.77;30.77;30.77;1
FR0000053514;13/05/15;4.15;4.19;4.13;4.17;1305
FR0000054199;13/05/15;0.19;0.20;0.19;0.19;13940
FR0000054231;13/05/15;5.23;5.25;5.20;5.25;2394
FR0000054322;13/05/15;0.08;0.09;0.08;0.08;40670
FR0000054678;13/05/15;2.45;2.46;2.41;2.46;5298
FR0000060121;13/05/15;14.20;14.40;14.20;14.40;1536
FR0000060196;13/05/15;1.65;1.65;1.65;1.65;3505
FR0000060329;13/05/15;48.00;48.00;47.92;48.00;1256
FR0000060451;13/05/15;233.00;233.00;233.00;233.00;31
FR0000060790;13/05/15;21.00;21.00;21.00;21.00;556
FR0000060832;13/05/15;106.10;106.10;106.10;106.10;93
FR0000060840;13/05/15;127.20;127.20;127.20;127.20;2
FR0000060949;13/05/15;38.25;38.26;38.25;38.26;81
FR0000061244;13/05/15;2.84;2.84;2.71;2.72;8314
FR0000061418;13/05/15;27.25;27.25;27.25;27.25;1
FR0000061459;13/05/15;35.00;35.30;35.00;35.30;316
FR0000061780;13/05/15;4.57;4.57;4.57;4.57;1
FR0000062341;13/05/15;5.80;6.29;5.80;6.29;300
FR0000062788;13/05/15;17.75;18.20;17.75;18.20;151
FR0000062804;13/05/15;1.03;1.03;1.00;1.00;14675
FR0000062978;13/05/15;17.25;17.25;17.25;17.25;66
FR0000063224;13/05/15;0.24;0.25;0.23;0.25;6168373
FR0000063323;13/05/15;0.70;0.70;0.70;0.70;15
FR0000063737;13/05/15;12.75;12.80;12.69;12.70;8986
FR0000063752;13/05/15;17.65;17.67;17.65;17.67;221
FR0000064123;13/05/15;230.00;230.00;230.00;230.00;5
FR0000064180;13/05/15;800.00;800.00;800.00;800.00;2
FR0000064297;13/05/15;4.55;4.55;4.54;4.54;96
FR0000064362;13/05/15;75.00;75.00;75.00;75.00;1
FR0000064388;13/05/15;1.89;1.89;1.89;1.89;1249
FR0000064404;13/05/15;6.68;6.68;6.66;6.66;21
FR0000064446;13/05/15;20.15;20.21;20.14;20.21;2499
FR0000064511;13/05/15;28.70;28.70;28.70;28.70;50
FR0000064529;13/05/15;68.49;68.49;68.49;68.49;1
FR0000065260;13/05/15;255.60;274.80;255.60;274.80;4
FR0000065278;13/05/15;7.78;7.78;7.78;7.78;136
FR0000065393;13/05/15;96.02;97.25;96.02;97.25;81
FR0000065484;13/05/15;13.40;13.60;13.38;13.53;13612
FR0000065864;13/05/15;27.02;27.02;26.75;27.00;1546
FR0000065971;13/05/15;17.00;17.00;17.00;17.00;200
FR0000066052;13/05/15;0.20;0.21;0.20;0.20;124726
FR0000066482;13/05/15;71.24;71.24;71.24;71.24;6
FR0000066540;13/05/15;23.40;23.40;23.24;23.40;1246
FR0000066607;13/05/15;24.39;24.50;23.90;24.50;2894
FR0000066680;13/05/15;1.39;1.40;1.39;1.40;51407
FR0000066722;13/05/15;0.87;0.91;0.87;0.91;5325
FR0000071797;13/05/15;26.74;26.74;26.31;26.60;1205
FR0000072373;13/05/15;3.72;3.72;3.62;3.70;10468
FR0000072399;13/05/15;33.00;33.75;33.00;33.45;2271
FR0000072563;13/05/15;8.47;8.47;8.47;8.47;70
FR0000072597;13/05/15;4.09;4.40;4.08;4.39;20413
FR0000072621;13/05/15;34.05;34.18;33.65;33.69;2859
FR0000072894;13/05/15;3.44;3.54;3.44;3.51;8077
FR0000073793;13/05/15;23.40;23.60;23.29;23.30;10401
FR0000073827;13/05/15;59.31;59.60;59.14;59.59;364
FR0000073843;13/05/15;6.76;6.76;6.76;6.76;1
FR0000074072;13/05/15;3.41;3.43;3.38;3.41;13559
FR0000074122;13/05/15;7.00;7.00;6.95;6.95;2815
FR0000074130;13/05/15;1.91;1.912;1.876;1.91;285925
FR0000074197;13/05/15;0.77;0.77;0.73;0.76;59851
FR0000074254;13/05/15;1.40;1.43;1.39;1.43;3482
FR0000074759;13/05/15;53.20;53.40;53.20;53.38;80
FR0000075343;13/05/15;7.54;7.54;7.50;7.50;1300
FR0000075392;13/05/15;10.75;10.95;10.75;10.85;957
FR0000075442;13/05/15;17.00;17.44;17.00;17.30;2979
FR0000075517;13/05/15;6.60;6.61;6.56;6.60;1664
FR0000075954;13/05/15;1.08;1.12;1.08;1.12;2364
FR0000075988;13/05/15;1.98;2.00;1.92;1.97;144682
FR0000076655;13/05/15;7.11;7.19;7.01;7.06;72576
FR0000076861;13/05/15;2.02;2.02;2.02;2.02;501
FR0000076887;13/05/15;2.84;2.84;2.82;2.82;51
FR0000077158;13/05/15;4.88;4.88;4.70;4.79;563
FR0000077570;13/05/15;0.71;0.75;0.71;0.73;61563
FR0000077687;13/05/15;114.00;114.00;113.75;113.80;165
FR0000078321;13/05/15;1.35;1.35;1.35;1.35;350
FR0000078958;13/05/15;6.12;6.20;6.10;6.19;1458
FR0000079147;13/05/15;4.73;4.83;4.73;4.83;16713
FR0000079980;13/05/15;4.79;4.79;4.79;4.79;300
FR0000120388;13/05/15;2.03;2.07;2.03;2.07;25333
FR0000121295;13/05/15;129.10;129.10;129.10;129.10;40
FR0000121352;13/05/15;19.01;19.21;18.90;18.90;186
FR0000124232;13/05/15;13.76;13.76;13.76;13.76;143
FR0000124356;13/05/15;44.99;45.00;44.99;45.00;99
FR0000124414;13/05/15;3.06;3.13;3.06;3.13;2021
FR0000124703;13/05/15;37.99;38.65;37.91;38.65;5487
FR0000130692;13/05/15;6.99;7.06;6.97;7.00;14981
FR0000131732;13/05/15;13.66;13.66;13.32;13.49;943
FR0000185506;13/05/15;108.50;108.50;108.00;108.00;1909
FR0004016699;13/05/15;33.20;33.54;33.08;33.52;520
FR0004023208;13/05/15;15.16;15.30;15.16;15.30;1528
FR0004026151;13/05/15;4.53;4.60;4.53;4.55;3128
FR0004026714;13/05/15;0.19;0.25;0.17;0.21;3425049
FR0004029411;13/05/15;1.65;1.68;1.61;1.68;12862
FR0004030708;13/05/15;1.94;2.05;1.94;2.04;2466
FR0004031763;13/05/15;2.04;2.05;2.02;2.05;1001
FR0004031839;13/05/15;0.33;0.34;0.33;0.34;34543
FR0004034072;13/05/15;2.41;2.41;2.41;2.41;1
FR0004034320;13/05/15;13.15;13.15;13.00;13.15;195
FR0004035061;13/05/15;0.86;0.90;0.86;0.90;7501
FR0004038099;13/05/15;6.02;6.19;5.99;6.10;41511
FR0004042083;13/05/15;28.20;28.20;27.76;27.80;774
FR0004050300;13/05/15;11.44;11.56;11.42;11.50;12719
FR0004052561;13/05/15;0.15;0.15;0.14;0.15;34315
FR0004056851;13/05/15;4.07;4.09;4.00;4.02;173507
FR0004110310;13/05/15;24.49;24.69;24.10;24.69;4578
FR0004152502;13/05/15;62.30;66.19;62.30;66.19;851
FR0004152874;13/05/15;7.95;8.06;7.91;7.92;1436
FR0004154060;13/05/15;2.00;2.07;2.00;2.07;19350
FR0004156297;13/05/15;24.61;24.61;24.57;24.60;3891
FR0004159473;13/05/15;33.00;33.33;32.80;33.33;6784
FR0004165801;13/05/15;3.13;3.13;3.13;3.13;1020
FR0004175842;13/05/15;69.00;69.00;69.00;69.00;373
FR0004177046;13/05/15;4.67;4.80;4.67;4.73;76425
FR0006239109;13/05/15;6.39;6.39;6.26;6.26;380
FR0007317813;13/05/15;2.90;2.95;2.90;2.95;6596
FR0010099515;13/05/15;12.52;12.57;12.52;12.54;311
FR0010127530;13/05/15;2.45;2.45;2.36;2.40;9556
FR0010127662;13/05/15;5.40;5.40;5.35;5.40;1416
FR0010151589;13/05/15;10.30;10.40;10.21;10.40;388
FR0010160564;13/05/15;84.54;89.12;82.83;89.12;191
FR0010193052;13/05/15;0.79;0.81;0.79;0.81;22342
FR0010193979;13/05/15;3.59;3.67;3.59;3.67;38219
FR0010214064;13/05/15;15.87;16.06;15.75;15.75;2116
FR0010263202;13/05/15;59.12;60.19;59.12;60.00;1736
FR0010298620;13/05/15;2.04;2.08;2.03;2.08;12405
FR0010298901;13/05/15;1.19;1.19;1.17;1.17;1903
FR0010325241;13/05/15;7.05;7.23;7.05;7.15;11034
FR0010331421;13/05/15;16.15;16.17;15.72;15.81;437954
FR0010380626;13/05/15;1.67;1.70;1.66;1.67;13880
FR0010428771;13/05/15;5.73;5.79;5.60;5.60;8580
FR0010436584;13/05/15;17.46;17.55;17.44;17.44;600
FR0010458729;13/05/15;2.58;2.58;2.53;2.55;28773
FR0010461053;13/05/15;55.70;56.14;55.60;55.65;1056
FR0010478248;13/05/15;0.19;0.19;0.18;0.18;58263
FR0010490920;13/05/15;4.97;5.00;4.85;4.86;28361
FR0010501692;13/05/15;2.37;2.41;2.37;2.40;14489
FR0010526814;13/05/15;6.09;6.11;6.09;6.11;3950
FR0010609206;13/05/15;4.09;4.09;4.09;4.09;1
FR0010828137;13/05/15;24.25;24.25;24.25;24.25;1
FR0010892950;13/05/15;30.88;31.10;30.65;30.76;3175
FR0010929125;13/05/15;101.76;110.00;101.76;106.00;6345
FR0010949404;13/05/15;6.02;6.02;5.97;6.01;11036
FR0011027135;13/05/15;20.80;20.80;20.80;20.80;619
FR0011191766;13/05/15;5.30;5.37;5.29;5.31;24788
FR0011271600;13/05/15;6.98;6.99;6.90;6.95;15925
FR0011277391;13/05/15;0.17;0.17;0.16;0.17;10710
FR0011284991;13/05/15;0.70;0.70;0.68;0.69;74601
FR0011289040;13/05/15;22.11;22.18;21.54;22.09;3962
FR0011352590;13/05/15;4.52;4.53;4.37;4.43;284807
FR0011466069;13/05/15;3.89;3.89;3.82;3.84;8927
FR0011471291;13/05/15;7.33;7.85;7.33;7.75;11362
FR0011505163;13/05/15;7.31;7.42;7.16;7.36;24207
FR0011584549;13/05/15;1.38;1.82;1.38;1.59;613063
FR0011742329;13/05/15;6.79;6.92;6.71;6.89;5632
FR0011790542;13/05/15;7.10;7.15;6.95;7.09;15039
FR0011799907;13/05/15;14.01;14.48;13.91;13.91;1063
FR0011800218;13/05/15;9.06;9.10;9.00;9.01;8146
FR0011950641;13/05/15;6.47;6.60;6.47;6.47;1632
FR0011950682;13/05/15;9.21;9.21;9.00;9.13;5207
FR0011980077;13/05/15;2.74;2.75;2.69;2.70;25888
FR0011992700;13/05/15;3.80;3.80;3.79;3.79;4665
FR0012127173;13/05/15;10.34;10.56;9.90;10.20;43902
FR0012432516;13/05/15;13.90;14.39;13.42;13.70;53239
FR0012452746;13/05/15;4.30;5.10;4.30;4.91;125088
FR0012612646;13/05/15;15.48;15.85;15.40;15.85;2243
FR0012650166;13/05/15;6.60;6.60;6.50;6.60;1032
IT0001210050;13/05/15;13.85;16.50;13.85;16.45;1337
LU0122624777;13/05/15;0.35;0.36;0.35;0.36;49712
US6918294025;13/05/15;0.02;0.03;0.02;0.03;86300
BE0003470755;13/05/15;127.80;128.20;126.05;126.35;204653
BE0003796134;13/05/15;0.065;0.065;0.061;0.062;6801243
IT0001210050;13/05/15;13.85;16.50;13.85;16.45;1337
IT0001389631;13/05/15;0.69;0.70;0.68;0.68;1031
LU0088087324;13/05/15;30.345;31.20;30.345;30.845;904623
LU0569974404;13/05/15;39.20;40.12;38.76;39.25;704594
GB0002374006;13/05/15;24.50;24.50;24.40;24.40;245
GB0005405286;13/05/15;8.54;8.62;8.45;8.49;37840
MA0000011488;13/05/15;12.19;12.19;11.75;11.75;268
US2635341090;13/05/15;66.20;66.20;65.16;65.16;615
US3453708600;13/05/15;13.66;13.66;13.66;13.66;419
US3696041033;13/05/15;24.55;24.55;23.76;23.76;8174
US7181721090;13/05/15;74.56;74.56;74.55;74.55;589
US9098832093;13/05/15;10.93;10.93;10.93;10.93;23
